id,hour,count
245,06,359
257,06,359
149,06,359
155,06,359
102,06,359
245,07,359
149,07,359
155,07,359
102,07,359
121,07,351
245,08,359
155,08,359
102,08,359
284,08,297
4,08,296
245,09,359
294,09,358
155,09,358
102,09,358
113,09,352
175,10,360
102,10,360
98,10,359
245,10,359
199,10,359
98,11,359
245,11,359
213,11,359
113,11,359
76,11,359
113,12,360
245,12,359
176,12,359
102,12,359
59,12,358
245,13,359
59,13,359
113,13,355
102,13,347
240,13,340
245,14,360
240,14,360
285,14,359
59,14,359
282,14,353
78,15,360
285,15,360
261,15,359
245,15,359
113,15,359
261,16,360
155,16,360
245,16,359
285,16,359
102,16,359
285,17,360
245,17,359
116,17,359
155,17,359
102,17,359
245,18,359
155,18,359
285,18,359
102,18,359
59,18,359
16,19,360
245,19,359
155,19,359
285,19,359
228,19,357
285,20,360
390,20,359
245,20,359
155,20,359
102,20,359
243,21,359
50,21,359
245,21,359
121,21,359
78,21,359
245,22,360
121,22,360
285,22,360
243,22,359
50,22,359
243,23,359
50,23,359
245,23,359
289,23,359
155,23,359
